  965     1.00000000         1
      000     000.00   1.00909
      100     100.91   1.00906
      200     201.81   1.00906
      300     302.72   1.00908
      400     403.63   1.00912
      500     504.54   1.00918
      600     605.46   1.00925
      700     706.38   1.00932
      800     807.32   1.00941
      900     908.26   1.00949
     1000    1009.21   1.00959
     1100    1110.16   1.00970
     1200    1211.13   1.00981
     1300    1312.12   1.00991
     1400    1413.11   1.01002
     1500    1514.11   1.01012
     1600    1615.12   1.01021
     1700    1716.14   1.01030
     1800    1817.17   1.01040
     1900    1918.21   1.01051
     2000    2019.26   1.01061
     2100    2120.32   1.01074
     2200    2221.40   1.01080
     2300    2322.48   1.01097
     2400    2423.47   1.01109
     2500    2524.68   1.01121
     2600    2625.81   1.01132
     2700    2726.94   1.01144
     2800    2828.08   1.01154
     2900    2929.23   1.01164
     3000    3030.40   1.01173
     3100    3131.57   1.01183
     3200    3232.76   1.01193
     3300    3333.95   1.01201
     3400    3435.15   1.01210
     3500    3536.36   1.01219
     3600    3637.58   1.01227
     3700    3738.80   1.01233
     3800    3840.04   1.01239
     3900    3941.28   1.01245
     4000    4042.52   1.01248
     4100    4143.77   1.01253
     4200    4245.02   1.01257
     4300    4346.28   1.01260
     4400    4447.54   1.01262
     4500    4548.80   1.01262
     4600    4650.06   1.01261
     4700    4751.33   1.01257
     4800    4852.58   1.01252
     4900    4953.84   1.01246
     5000    5055.08   1.01238
     5100    5156.32   1.01229
     5200    5257.55   1.01218
     5300    5358.77   1.01207
     5400    5459.97   1.01195
     5500    5561.17   1.01181
     5600    5662.35   1.01164
     5700    5763.51   1.01146
     5800    5864.66   1.01124
     5900    5965.78   1.01104
     6000    6066.89   1.01085
     6100    6167.97   1.01063
     6200    6269.04   1.01040
     6300    6370.08   1.01016
     6400    6471.09   1.00992
     6500    6572.08   1.00966
     6600    6673.05   1.00937
     6700    6773.99   1.00907
     6800    6874.89   1.00871
     6900    6975.76   1.00829
     7000    7076.59   1.00000