  996     1.00000000         1
      000     000.00   1.00537
      100     100.54   1.00528
      200     201.06   1.00523
      300     301.59   1.00518
      400     402.11   1.00513
      500     502.62   1.00510
      600     603.13   1.00507
      700     703.64   1.00504
      800     804.14   1.00502
      900     904.64   1.00501
     1000    1005.14   1.00502
     1100    1105.65   1.00503
     1200    1206.15   1.00505
     1300    1306.65   1.00508
     1400    1407.16   1.00509
     1500    1507.67   1.00512
     1600    1608.18   1.00516
     1700    1708.70   1.00522
     1800    1809.22   1.00528
     1900    1909.75   1.00536
     2000    2010.28   1.00542
     2100    2110.83   1.00549
     2200    2211.38   1.00557
     2300    2311.93   1.00567
     2400    2412.50   1.00576
     2500    2513.08   1.00585
     2600    2613.66   1.00592
     2700    2714.25   1.00601
     2800    2814.85   1.00610
     2900    2915.46   1.00616
     3000    3016.08   1.00626
     3100    3116.71   1.00634
     3200    3217.34   1.00642
     3300    3317.98   1.00651
     3400    3418.63   1.00660
     3500    3519.29   1.00668
     3600    3619.96   1.00675
     3700    3720.64   1.00683
     3800    3821.32   1.00689
     3900    3922.01   1.00696
     4000    4022.70   1.00703
     4100    4123.41   1.00709
     4200    4224.12   1.00714
     4300    4324.83   1.00718
     4400    4425.55   1.00720
     4500    4526.27   1.00721
     4600    4626.99   1.00721
     4700    4727.71   1.00721
     4800    4828.43   1.00719
     4900    4929.15   1.00717
     5000    5029.87   1.00715
     5100    5130.58   1.00714
     5200    5231.29   1.00709
     5300    5332.00   1.00704
     5400    5432.71   1.00696
     5500    5533.40   1.00684
     5600    5634.09   1.00675
     5700    5734.76   1.00663
     5800    5835.42   1.00650
     5900    5936.07   1.00635
     6000    6036.71   1.00624
     6100    6137.33   1.00608
     6200    6237.94   1.00594
     6300    6338.53   1.00577
     6400    6439.11   1.00557
     6500    6539.67   1.00538
     6600    6640.21   1.00516
     6700    6740.72   1.00493
     6800    6841.22   1.00472
     6900    6941.69   1.00448
     7000    7042.14         1

