  041     1.00000000         1
      000     000.00   1.04385
      100     104.38   1.04355
      200     208.74   1.04330
      300     313.07   1.04310
      400     417.38   1.04305
      500     521.69   1.04305
      600     625.99   1.04315
      700     730.31   1.04325
      800     834.63   1.04325
      900     938.96   1.04325
     1000    1043.28   1.04320
     1100    1147.60   1.04320
     1200    1251.92   1.04320
     1300    1356.24   1.04325
     1400    1460.57   1.04330
     1500    1564.90   1.04335
     1600    1669.23   1.04340
     1700    1773.57   1.04340
     1800    1877.91   1.04335
     1900    1982.25   1.04325
     2000    2086.57   1.04310
     2100    2190.88   1.04335
     2200    2295.22   1.04360
     2300    2399.58   1.04370
     2400    2503.95   1.04375
     2500    2608.32   1.04375
     2600    2712.70   1.04380
     2700    2817.08   1.04385
     2800    2921.46   1.04385
     2900    3025.85   1.04390
     3000    3130.24   1.04395
     3100    3234.63   1.04400
     3200    3339.03   1.04405
     3300    3443.43   1.04405
     3400    3547.84   1.04415
     3500    3652.26   1.04420
     3600    3756.68   1.04425
     3700    3861.10   1.04425
     3800    3965.53   1.04430
     3900    4069.96   1.04430
     4000    4174.39   1.04430
     4100    4278.82   1.04430
     4200    4383.25   1.04430
     4300    4487.68   1.04430
     4400    4592.11   1.04430
     4500    4696.54   1.04425
     4600    4800.96   1.04425
     4700    4905.39   1.04425
     4800    5009.81   1.04425
     4900    5114.24   1.04425
     5000    5218.66   1.04425
     5100    5323.09   1.04425
     5200    5427.52   1.04415
     5300    5531.93   1.04400
     5400    5636.33   1.04380
     5500    5740.71   1.04370
     5600    5845.08   1.04355
     5700    5949.44   1.04340
     5800    6053.78   1.04320
     5900    6158.10   1.04295
     6000    6262.40   1.04275
     6100    6366.67   1.04250
     6200    6470.92   1.04220
     6300    6575.14   1.04190
     6400    6679.33   1.04155
     6500    6783.48   1.04115
     6600    6887.60   1.04080
     6700    6991.68   1.04035
     6800    7095.71   1.03995
     6900    7199.71   1.03950
     7000    7303.66         1
  011     1.00000000         1
      000     000.00   1.03543
      100     103.54   1.03513
      200     207.06   1.03478
      300     310.53   1.03448
      400     413.98   1.03423
      500     517.40   1.03408
      600     620.82   1.03398
      700     724.21   1.03398
      800     827.61   1.03398
      900     931.00   1.03403
     1000    1034.41   1.03408
     1100    1137.82   1.03413
     1200    1241.23   1.03423
     1300    1344.64   1.03428
     1400    1448.08   1.03438
     1500    1551.52   1.03448
     1600    1654.96   1.03453
     1700    1758.42   1.03448
     1800    1861.87   1.03444
     1900    1965.31   1.03433
     2000    2068.74   1.03428
     2100    2172.17   1.03428
     2200    2275.60   1.03433
     2300    2379.03   1.03443
     2400    2482.47   1.03452
     2500    2585.93   1.03463
     2600    2689.39   1.03473
     2700    2792.86   1.03485
     2800    2896.36   1.03498
     2900    2999.85   1.03513
     3000    3103.36   1.03523
     3100    3206.88   1.03538
     3200    3310.42   1.03543
     3300    3413.96   1.03548
     3400    3517.51   1.03553
     3500    3621.06   1.03548
     3600    3724.61   1.03528
     3700    3828.14   1.03518
     3800    3931.65   1.03518
     3900    4035.18   1.03528
     4000    4138.71   1.03543
     4100    4242.25   1.03548
     4200    4345.79   1.03553
     4300    4449.35   1.03553
     4400    4552.90   1.03553
     4500    4656.46   1.03553
     4600    4760.01   1.03548
     4700    4863.56   1.03543
     4800    4967.10   1.03528
     4900    5070.63   1.03508
     5000    5174.14   1.03478
     5100    5277.62   1.03453
     5200    5381.07   1.03433
     5300    5484.49   1.03413
     5400    5587.91   1.03398
     5500    5691.31   1.03378
     5600    5794.68   1.03363
     5700    5898.05   1.03348
     5800    6001.40   1.03328
     5900    6104.72   1.03298
     6000    6208.02   1.03268
     6100    6311.28   1.03228
     6200    6414.52   1.03192
     6300    6517.71   1.03152
     6400    6620.86   1.03112
     6500    6723.97   1.03072
     6600    6827.05   1.03032
     6700    6930.08   1.02987
     6800    7033.06   1.02947
     6900    7136.01   1.02902
     7000    7238.92         1
  257     1.00000000         1
      000     000.00   1.06825
      100     106.83   1.06823
      200     213.65   1.06818
      300     320.47   1.06813
      400     427.28   1.06807
      500     534.09   1.06798
      600     640.88   1.06792
      700     747.68   1.06788
      800     854.46   1.06784
      900     961.25   1.06782
     1000    1068.03   1.06780
     1100    1174.81   1.06779
     1200    1281.59   1.06780
     1300    1388.37   1.06783
     1400    1495.15   1.06787
     1500    1601.94   1.06792
     1600    1708.73   1.06797
     1700    1815.53   1.06799
     1800    1922.33   1.06803
     1900    2029.13   1.06813
     2000    2135.94   1.06825
     2100    2242.77   1.06835
     2200    2349.60   1.06843
     2300    2456.45   1.06848
     2400    2563.29   1.06855
     2500    2670.15   1.06864
     2600    2777.01   1.06876
     2700    2883.89   1.06888
     2800    2990.78   1.06901
     2900    3097.68   1.06911
     3000    3204.59   1.06920
     3100    3311.51   1.06927
     3200    3418.44   1.06935
     3300    3525.37   1.06940
     3400    3632.31   1.06948
     3500    3739.26   1.06958
     3600    3846.22   1.06970
     3700    3953.19   1.06979
     3800    4060.17   1.06983
     3900    4167.15   1.06987
     4000    4274.14   1.06991
     4100    4381.13   1.06997
     4200    4488.12   1.07005
     4300    4595.13   1.07016
     4400    4702.15   1.07026
     4500    4809.17   1.07033
     4600    4916.20   1.07037
     4700    5023.24   1.07041
     4800    5130.28   1.07043
     4900    5237.33   1.07044
     5000    5344.37   1.07044
     5100    5451.41   1.07043
     5200    5558.46   1.07042
     5300    5665.50   1.07039
     5400    5772.54   1.07034
     5500    5879.57   1.07027
     5600    5986.60   1.07020
     5700    6093.62   1.07012
     5800    6200.63   1.07002
     5900    6307.63   1.06992
     6000    6414.62   1.06981
     6100    6521.61   1.06966
     6200    6628.57   1.06950
     6300    6735.52   1.06931
     6400    6842.45   1.06912
     6500    6949.36   1.06891
     6600    7056.26   1.06869
     6700    7163.12   1.06845
     6800    7269.97   1.06820
     6900    7376.79   1.06795
     7000    7483.58         1
  372     1.00000000         1
      000     000.00   1.06951
      100     106.95   1.06931
      200     213.88   1.06912
      300     320.79   1.06895
      400     427.69   1.06877
      500     534.57   1.06862
      600     641.43   1.06847
      700     748.28   1.06835
      800     855.11   1.06822
      900     961.93   1.06811
     1000    1068.74   1.06802
     1100    1175.55   1.06794
     1200    1282.34   1.06789
     1300    1389.13   1.06785
     1400    1495.91   1.06781
     1500    1602.69   1.06778
     1600    1709.47   1.06776
     1700    1816.25   1.06775
     1800    1923.02   1.06775
     1900    2029.80   1.06776
     2000    2136.57   1.06778
     2100    2243.35   1.06780
     2200    2350.13   1.06782
     2300    2456.91   1.06785
     2400    2563.70   1.06788
     2500    2670.49   1.06791
     2600    2777.28   1.06794
     2700    2884.07   1.06797
     2800    2990.87   1.06801
     2900    3097.67   1.06805
     3000    3204.48   1.06809
     3100    3311.28   1.06814
     3200    3418.10   1.06820
     3300    3524.92   1.06825
     3400    3631.74   1.06830
     3500    3738.57   1.06835
     3600    3845.41   1.06839
     3700    3952.25   1.06843
     3800    4059.09   1.06847
     3900    4165.94   1.06850
     4000    4272.79   1.06852
     4100    4379.64   1.06853
     4200    4486.49   1.06854
     4300    4593.35   1.06855
     4400    4700.20   1.06855
     4500    4807.06   1.06855
     4600    4913.91   1.06855
     4700    5020.77   1.06855
     4800    5127.62   1.06854
     4900    5234.48   1.06853
     5000    5341.33   1.06851
     5100    5448.18   1.06847
     5200    5555.03   1.06843
     5300    5661.87   1.06837
     5400    5768.71   1.06830
     5500    5875.54   1.06822
     5600    5982.36   1.06813
     5700    6089.17   1.06802
     5800    6195.97   1.06791
     5900    6302.76   1.06779
     6000    6409.54   1.06765
     6100    6516.31   1.06750
     6200    6623.06   1.06735
     6300    6729.79   1.06718
     6400    6836.51   1.06702
     6500    6943.21   1.06686
     6600    7049.90   1.06670
     6700    7156.57   1.06653
     6800    7263.22   1.06636
     6900    7369.86   1.06618
     7000    7476.48         1
  454     1.00000000         1
      000     000.00   1.04944
      100     104.94   1.04926
      200     209.87   1.04918
      300     314.79   1.04916
      400     419.70   1.04918
      500     524.62   1.04922
      600     629.54   1.04930
      700     734.47   1.04938
      800     839.41   1.04947
      900     944.36   1.04956
     1000    1049.32   1.04967
     1100    1154.28   1.04977
     1200    1259.26   1.04990
     1300    1364.25   1.05003
     1400    1469.25   1.05017
     1500    1574.27   1.05031
     1600    1679.30   1.05047
     1700    1784.35   1.05062
     1800    1889.41   1.05077
     1900    1994.49   1.05092
     2000    2099.58   1.05108
     2100    2204.69   1.05125
     2200    2309.81   1.05142
     2300    2414.95   1.05159
     2400    2520.11   1.05179
     2500    2625.29   1.05199
     2600    2730.49   1.05218
     2700    2835.71   1.05238
     2800    2940.95   1.05259
     2900    3046.21   1.05279
     3000    3151.48   1.05300
     3100    3256.78   1.05322
     3200    3362.11   1.05343
     3300    3467.45   1.05365
     3400    3572.81   1.05386
     3500    3678.20   1.05406
     3600    3783.61   1.05427
     3700    3889.03   1.05446
     3800    3994.48   1.05464
     3900    4099.94   1.05479
     4000    4205.42   1.05493
     4100    4310.92   1.05506
     4200    4416.42   1.05519
     4300    4521.94   1.05531
     4400    4627.47   1.05543
     4500    4733.01   1.05555
     4600    4838.57   1.05566
     4700    4944.14   1.05578
     4800    5049.71   1.05588
     4900    5155.30   1.05598
     5000    5260.90   1.05608
     5100    5366.51   1.05618
     5200    5472.13   1.05625
     5300    5577.75   1.05630
     5400    5683.38   1.05633
     5500    5789.01   1.05630
     5600    5894.64   1.05626
     5700    6000.27   1.05620
     5800    6105.89   1.05613
     5900    6211.50   1.05603
     6000    6317.11   1.05593
     6100    6422.70   1.05583
     6200    6528.28   1.05571
     6300    6633.85   1.05558
     6400    6739.41   1.05545
     6500    6844.96   1.05529
     6600    6950.48   1.05511
     6700    7056.00   1.05493
     6800    7161.49   1.05472
     6900    7266.96   1.05452
     7000    7372.41         1
  602     1.00000000         1
      000     000.00   1.03641
      100     103.64   1.03636
      200     207.28   1.03632
      300     310.91   1.03627
      400     414.54   1.03624
      500     518.16   1.03621
      600     621.78   1.03620
      700     725.40   1.03620
      800     829.02   1.03622
      900     932.64   1.03625
     1000    1036.27   1.03634
     1100    1139.90   1.03644
     1200    1243.55   1.03655
     1300    1347.20   1.03667
     1400    1450.87   1.03680
     1500    1554.55   1.03692
     1600    1658.24   1.03705
     1700    1761.95   1.03720
     1800    1865.67   1.03733
     1900    1969.40   1.03747
     2000    2073.15   1.03760
     2100    2176.91   1.03775
     2200    2280.68   1.03788
     2300    2384.47   1.03803
     2400    2488.27   1.03818
     2500    2592.09   1.03833
     2600    2695.92   1.03848
     2700    2799.77   1.03862
     2800    2903.63   1.03876
     2900    3007.51   1.03885
     3000    3111.39   1.03903
     3100    3215.30   1.03916
     3200    3319.21   1.03931
     3300    3423.14   1.03944
     3400    3527.09   1.03957
     3500    3631.04   1.03971
     3600    3735.02   1.03984
     3700    3839.00   1.03996
     3800    3943.00   1.04007
     3900    4047.00   1.04019
     4000    4151.02   1.04030
     4100    4255.05   1.04042
     4200    4359.09   1.04052
     4300    4463.15   1.04060
     4400    4567.21   1.04069
     4500    4671.27   1.04078
     4600    4775.35   1.04084
     4700    4879.44   1.04090
     4800    4983.53   1.04095
     4900    5087.62   1.04098
     5000    5191.72   1.04098
     5100    5295.82   1.04098
     5200    5399.92   1.04098
     5300    5504.01   1.04097
     5400    5608.11   1.04096
     5500    5712.21   1.04093
     5600    5816.30   1.04088
     5700    5920.39   1.04082
     5800    6024.47   1.04072
     5900    6128.54   1.04059
     6000    6232.60   1.04045
     6100    6336.65   1.04029
     6200    6440.67   1.04012
     6300    6544.69   1.03994
     6400    6648.68   1.03975
     6500    6752.66   1.03958
     6600    6856.61   1.03939
     6700    6960.55   1.03919
     6800    7064.47   1.03900
     6900    7168.37   1.03880
     7000    7272.25         1
  622     1.00000000         1
      000     000.00   1.01862
      100     101.86   1.01862
      200     203.72   1.01862
      300     305.59   1.01862
      400     407.45   1.01863
      500     509.31   1.01865
      600     611.18   1.01867
      700     713.04   1.01870
      800     814.91   1.01873
      900     916.79   1.01878
     1000    1018.66   1.01883
     1100    1120.55   1.01891
     1200    1222.44   1.01898
     1300    1324.34   1.01905
     1400    1426.24   1.01912
     1500    1528.15   1.01920
     1600    1630.07   1.01929
     1700    1732.00   1.01939
     1800    1833.94   1.01950
     1900    1935.89   1.01961
     2000    2037.85   1.01972
     2100    2139.82   1.01983
     2200    2241.81   1.01994
     2300    2343.80   1.02007
     2400    2445.81   1.02020
     2500    2547.83   1.02033
     2600    2649.86   1.02046
     2700    2751.91   1.02061
     2800    2853.97   1.02076
     2900    2956.04   1.02091
     3000    3058.14   1.02106
     3100    3160.24   1.02120
     3200    3262.36   1.02133
     3300    3364.49   1.02146
     3400    3466.64   1.02158
     3500    3568.80   1.02169
     3600    3670.97   1.02180
     3700    3773.15   1.02190
     3800    3875.34   1.02201
     3900    3977.54   1.02211
     4000    4079.75   1.02219
     4100    4181.97   1.02229
     4200    4284.20   1.02238
     4300    4386.44   1.02244
     4400    4488.68   1.02251
     4500    4590.93   1.02257
     4600    4693.19   1.02262
     4700    4795.45   1.02268
     4800    4897.72   1.02272
     4900    4999.99   1.02274
     5000    5102.26   1.02275
     5100    5204.54   1.02274
     5200    5306.81   1.02271
     5300    5409.08   1.02268
     5400    5511.35   1.02262
     5500    5613.61   1.02255
     5600    5715.87   1.02245
     5700    5818.11   1.02234
     5800    5920.35   1.02222
     5900    6022.57   1.02208
     6000    6124.78   1.02192
     6100    6226.97   1.02176
     6200    6329.15   1.02159
     6300    6431.30   1.02140
     6400    6533.44   1.02121
     6500    6635.57   1.02100
     6600    6737.67   1.02079
     6700    6839.74   1.02058
     6800    6941.80   1.02037
     6900    7043.84   1.02015
     7000    7145.85         1
  613     1.00000000         1
      000     000.00   1.01656
      100     101.66   1.01653
      200     203.31   1.01651
      300     304.96   1.01650
      400     406.61   1.01650
      500     508.26   1.01652
      600     609.91   1.01656
      700     711.57   1.01659
      800     813.23   1.01663
      900     914.89   1.01667
     1000    1016.56   1.01671
     1100    1118.23   1.01677
     1200    1219.91   1.01683
     1300    1321.59   1.01690
     1400    1423.28   1.01698
     1500    1524.98   1.01708
     1600    1626.68   1.01718
     1700    1728.40   1.01729
     1800    1830.13   1.01740
     1900    1931.87   1.01752
     2000    2033.62   1.01762
     2100    2135.39   1.01773
     2200    2237.16   1.01785
     2300    2338.94   1.01796
     2400    2440.74   1.01807
     2500    2542.55   1.01819
     2600    2644.37   1.01831
     2700    2746.20   1.01842
     2800    2848.04   1.01855
     2900    2949.89   1.01869
     3000    3051.76   1.01881
     3100    3153.64   1.01892
     3200    3255.54   1.01903
     3300    3357.44   1.01913
     3400    3459.35   1.01923
     3500    3561.27   1.01934
     3600    3663.21   1.01941
     3700    3765.15   1.01951
     3800    3867.10   1.01960
     3900    3969.06   1.01970
     4000    4071.03   1.01979
     4100    4173.01   1.01987
     4200    4275.00   1.01994
     4300    4376.99   1.02001
     4400    4478.99   1.02008
     4500    4581.00   1.02013
     4600    4683.01   1.02019
     4700    4785.03   1.02023
     4800    4887.05   1.02025
     4900    4989.08   1.02025
     5000    5091.10   1.02024
     5100    5193.13   1.02022
     5200    5295.15   1.02019
     5300    5397.17   1.02016
     5400    5499.19   1.02013
     5500    5601.20   1.02008
     5600    5703.21   1.02004
     5700    5805.21   1.01999
     5800    5907.21   1.01991
     5900    6009.20   1.01981
     6000    6111.18   1.01970
     6100    6213.15   1.01955
     6200    6315.11   1.01941
     6300    6417.05   1.01925
     6400    6518.97   1.01908
     6500    6620.88   1.01888
     6600    6722.77   1.01866
     6700    6824.63   1.01843
     6800    6926.48   1.01819
     6900    7028.30   1.01793
     7000    7130.09         1
  674     1.0                1
     0000    0000.00   1.01199
     0100    0101.20   1.01187
     0200    0202.39   1.01178
     0300    0303.56   1.01173
     0400    0404.74   1.01170
     0500    0505.91   1.01168
     0600    0607.08   1.01168
     0700    0708.24   1.01170
     0800    0809.41   1.01172
     0900    0910.59   1.01175
     1000    1011.76   1.01178
     1100    1112.94   1.01183
     1200    1214.12   1.01188
     1300    1315.31   1.01193
     1400    1416.50   1.01200
     1500    1517.70   1.01207
     1600    1618.91   1.01214
     1700    1720.12   1.01222
     1800    1821.35   1.01231
     1900    1922.58   1.01240
     2000    2023.82   1.01249
     2100    2125.07   1.01257
     2200    2226.32   1.01266
     2300    2327.59   1.01276
     2400    2428.86   1.01287
     2500    2530.15   1.01299
     2600    2631.45   1.01311
     2700    2732.76   1.01322
     2800    2834.08   1.01335
     2900    2935.42   1.01349
     3000    3036.77   1.01363
     3100    3138.13   1.01376
     3200    3239.51   1.01390
     3300    3340.90   1.01404
     3400    3442.30   1.01416
     3500    3543.72   1.01426
     3600    3645.14   1.01434
     3700    3746.58   1.01444
     3800    3848.02   1.01453
     3900    3949.47   1.01462
     4000    4050.94   1.01470
     4100    4152.41   1.01478
     4200    4253.88   1.01487
     4300    4355.37   1.01493
     4400    4456.86   1.01498
     4500    4558.36   1.01503
     4600    4659.86   1.01508
     4700    4761.37   1.01511
     4800    4862.88   1.01514
     4900    4964.40   1.01517
     5000    5065.91   1.01517
     5100    5167.43   1.01518
     5200    5268.95   1.01517
     5300    5370.47   1.01516
     5400    5471.98   1.01513
     5500    5573.50   1.01508
     5600    5675.00   1.01503
     5700    5776.51   1.01498
     5800    5878.00   1.01490
     5900    5979.49   1.01481
     6000    6080.98   1.01470
     6100    6182.45   1.01456
     6200    6283.90   1.01440
     6300    6385.34   1.01421
     6400    6486.76   1.01399
     6500    6588.16   1.01376
     6600    6689.54   1.01350
     6700    6790.89   1.01323
     6800    6892.21   1.01297
     6900    6993.51   1.01245
     7000    7094.75         1
  913     1.00000000         1
      000     000.00   1.02098
      100     102.10   1.02078
      200     204.18   1.02062
      300     306.24   1.02049
      400     408.29   1.02039
      500     510.32   1.02031
      600     612.36   1.02024
      700     714.38   1.02019
      800     816.40   1.02016
      900     918.41   1.02013
     1000    1020.43   1.02010
     1100    1122.44   1.02008
     1200    1224.44   1.02006
     1300    1326.45   1.02004
     1400    1428.45   1.02001
     1500    1530.45   1.01999
     1600    1632.45   1.01997
     1700    1734.45   1.01997
     1800    1836.45   1.01997
     1900    1938.44   1.02000
     2000    2040.44   1.02004
     2100    2142.45   1.02006
     2200    2244.45   1.02009
     2300    2346.46   1.02014
     2400    2448.48   1.02019
     2500    2550.50   1.02025
     2600    2652.52   1.02030
     2700    2754.55   1.02037
     2800    2856.59   1.02042
     2900    2958.63   1.02048
     3000    3060.68   1.02052
     3100    3162.73   1.02057
     3200    3264.78   1.02060
     3300    3366.84   1.02064
     3400    3468.91   1.02068
     3500    3570.97   1.02070
     3600    3673.04   1.02074
     3700    3775.12   1.02078
     3800    3877.20   1.02082
     3900    3979.28   1.02084
     4000    4081.36   1.02087
     4100    4183.45   1.02088
     4200    4285.54   1.02089
     4300    4387.63   1.02089
     4400    4489.72   1.02089
     4500    4591.81   1.02089
     4600    4693.90   1.02087
     4700    4795.98   1.02083
     4800    4898.07   1.02080
     4900    5000.15   1.02076
     5000    5102.22   1.02070
     5100    5204.29   1.02065
     5200    5306.36   1.02060
     5300    5408.42   1.02055
     5400    5510.47   1.02049
     5500    5612.52   1.02040
     5600    5714.56   1.02031
     5700    5816.59   1.02020
     5800    5918.61   1.02008
     5900    6020.62   1.01991
     6000    6122.61   1.01974
     6100    6224.58   1.01954
     6200    6326.54   1.01932
     6300    6428.47   1.01912
     6400    6530.38   1.01890
     6500    6632.27   1.01868
     6600    6734.14   1.01843
     6700    6835.98   1.01816
     6800    6937.80   1.01787
     6900    7039.58   1.01757
     7000    7141.34         1
  914     1.00000000         1
      000     000.00   1.01854
      100     101.85   1.01841
      200     203.70   1.01829
      300     305.53   1.01819
      400     407.34   1.01809
      500     509.15   1.01800
      600     610.95   1.01793
      700     712.75   1.01786
      800     814.53   1.01781
      900     916.31   1.01776
     1000    1018.09   1.01772
     1100    1119.86   1.01769
     1200    1221.63   1.01767
     1300    1323.40   1.01765
     1400    1425.16   1.01764
     1500    1526.93   1.01764
     1600    1628.69   1.01765
     1700    1730.46   1.01766
     1800    1832.22   1.01767
     1900    1933.99   1.01769
     2000    2035.76   1.01772
     2100    2137.53   1.01775
     2200    2239.30   1.01778
     2300    2341.08   1.01781
     2400    2442.86   1.01785
     2500    2544.65   1.01789
     2600    2646.44   1.01793
     2700    2748.23   1.01798
     2800    2850.03   1.01802
     2900    2951.83   1.01807
     3000    3053.64   1.01811
     3100    3155.45   1.01816
     3200    3257.26   1.01820
     3300    3359.08   1.01824
     3400    3460.91   1.01828
     3500    3562.74   1.01832
     3600    3664.57   1.01836
     3700    3766.40   1.01839
     3800    3868.24   1.01842
     3900    3970.09   1.01845
     4000    4071.93   1.01847
     4100    4173.78   1.01849
     4200    4275.63   1.01850
     4300    4377.48   1.01851
     4400    4479.33   1.01851
     4500    4581.18   1.01850
     4600    4683.03   1.01849
     4700    4784.88   1.01847
     4800    4886.72   1.01844
     4900    4988.57   1.01840
     5000    5090.41   1.01836
     5100    5192.24   1.01830
     5200    5294.08   1.01824
     5300    5395.90   1.01816
     5400    5497.72   1.01808
     5500    5599.52   1.01798
     5600    5701.32   1.01787
     5700    5803.11   1.01775
     5800    5904.88   1.01762
     5900    6006.65   1.01748
     6000    6108.39   1.01732
     6100    6210.13   1.01715
     6200    6311.84   1.01696
     6300    6413.54   1.01676
     6400    6515.21   1.01654
     6500    6616.87   1.01631
     6600    6718.50   1.01606
     6700    6820.10   1.01579
     6800    6921.68   1.01551
     6900    7023.23   1.01521
     7000    7124.76         1
  915     1.00000000         1
      000     000.00   1.00000
      100     100.00   1.00000
      200     200.00   1.00000
      300     300.00   1.00000
      400     400.00   1.00000
      500     500.00   1.00000
      600     600.00   1.00000
      700     700.00   1.00000
      800     800.00   1.00000
      900     900.00   1.00000
     1000    1000.00   1.00000
     1100    1100.00   1.00000
     1200    1200.00   1.00000
     1300    1300.00   1.00000
     1400    1400.00   1.00000
     1500    1500.00   1.00000
     1600    1600.00   1.00000
     1700    1700.00   1.00000
     1800    1800.00   1.00000
     1900    1900.00   1.00000
     2000    2000.00   1.00000
     2100    2100.00   1.00000
     2200    2200.00   1.00000
     2300    2300.00   1.00000
     2400    2400.00   1.00000
     2500    2500.00   1.00000
     2600    2600.00   1.00000
     2700    2700.00   1.00000
     2800    2800.00   1.00000
     2900    2900.00   1.00000
     3000    3000.00   1.00000
     3100    3100.00   1.00000
     3200    3200.00   1.00000
     3300    3300.00   1.00000
     3400    3400.00   1.00000
     3500    3500.00   1.00000
     3600    3600.00   1.00000
     3700    3700.00   1.00000
     3800    3800.00   1.00000
     3900    3900.00   1.00000
     4000    4000.00   1.00000
     4100    4100.00   1.00000
     4200    4200.00   1.00000
     4300    4300.00   1.00000
     4400    4400.00   1.00000
     4500    4500.00   1.00000
     4600    4600.00   1.00000
     4700    4700.00   1.00000
     4800    4800.00   1.00000
     4900    4900.00   1.00000
     5000    5000.00   1.00000
     5100    5100.00   1.00000
     5200    5200.00   1.00000
     5300    5300.00   1.00000
     5400    5400.00   1.00000
     5500    5500.00   1.00000
     5600    5600.00   1.00000
     5700    5700.00   1.00000
     5800    5800.00   1.00000
     5900    5900.00   1.00000
     6000    6000.00   1.00000
     6100    6100.00   1.00000
     6200    6200.00   1.00000
     6300    6300.00   1.00000
     6400    6400.00   1.00000
     6500    6500.00   1.00000
     6600    6600.00   1.00000
     6700    6700.00   1.00000
     6800    6800.00   1.00000
     6900    6900.00   1.00000
     7000    7000.00   1.00000
  965     1.00000000         1
      000     000.00   1.00909
      100     100.91   1.00906
      200     201.81   1.00906
      300     302.72   1.00908
      400     403.63   1.00912
      500     504.54   1.00918
      600     605.46   1.00925
      700     706.38   1.00932
      800     807.32   1.00941
      900     908.26   1.00949
     1000    1009.21   1.00959
     1100    1110.16   1.00970
     1200    1211.13   1.00981
     1300    1312.12   1.00991
     1400    1413.11   1.01002
     1500    1514.11   1.01012
     1600    1615.12   1.01021
     1700    1716.14   1.01030
     1800    1817.17   1.01040
     1900    1918.21   1.01051
     2000    2019.26   1.01061
     2100    2120.32   1.01074
     2200    2221.40   1.01080
     2300    2322.48   1.01097
     2400    2423.47   1.01109
     2500    2524.68   1.01121
     2600    2625.81   1.01132
     2700    2726.94   1.01144
     2800    2828.08   1.01154
     2900    2929.23   1.01164
     3000    3030.40   1.01173
     3100    3131.57   1.01183
     3200    3232.76   1.01193
     3300    3333.95   1.01201
     3400    3435.15   1.01210
     3500    3536.36   1.01219
     3600    3637.58   1.01227
     3700    3738.80   1.01233
     3800    3840.04   1.01239
     3900    3941.28   1.01245
     4000    4042.52   1.01248
     4100    4143.77   1.01253
     4200    4245.02   1.01257
     4300    4346.28   1.01260
     4400    4447.54   1.01262
     4500    4548.80   1.01262
     4600    4650.06   1.01261
     4700    4751.33   1.01257
     4800    4852.58   1.01252
     4900    4953.84   1.01246
     5000    5055.08   1.01238
     5100    5156.32   1.01229
     5200    5257.55   1.01218
     5300    5358.77   1.01207
     5400    5459.97   1.01195
     5500    5561.17   1.01181
     5600    5662.35   1.01164
     5700    5763.51   1.01146
     5800    5864.66   1.01124
     5900    5965.78   1.01104
     6000    6066.89   1.01085
     6100    6167.97   1.01063
     6200    6269.04   1.01040
     6300    6370.08   1.01016
     6400    6471.09   1.00992
     6500    6572.08   1.00966
     6600    6673.05   1.00937
     6700    6773.99   1.00907
     6800    6874.89   1.00871
     6900    6975.76   1.00829
     7000    7076.59   1.00000
  996     1.00000000         1
      000     000.00   1.00537
      100     100.54   1.00528
      200     201.06   1.00523
      300     301.59   1.00518
      400     402.11   1.00513
      500     502.62   1.00510
      600     603.13   1.00507
      700     703.64   1.00504
      800     804.14   1.00502
      900     904.64   1.00501
     1000    1005.14   1.00502
     1100    1105.65   1.00503
     1200    1206.15   1.00505
     1300    1306.65   1.00508
     1400    1407.16   1.00509
     1500    1507.67   1.00512
     1600    1608.18   1.00516
     1700    1708.70   1.00522
     1800    1809.22   1.00528
     1900    1909.75   1.00536
     2000    2010.28   1.00542
     2100    2110.83   1.00549
     2200    2211.38   1.00557
     2300    2311.93   1.00567
     2400    2412.50   1.00576
     2500    2513.08   1.00585
     2600    2613.66   1.00592
     2700    2714.25   1.00601
     2800    2814.85   1.00610
     2900    2915.46   1.00616
     3000    3016.08   1.00626
     3100    3116.71   1.00634
     3200    3217.34   1.00642
     3300    3317.98   1.00651
     3400    3418.63   1.00660
     3500    3519.29   1.00668
     3600    3619.96   1.00675
     3700    3720.64   1.00683
     3800    3821.32   1.00689
     3900    3922.01   1.00696
     4000    4022.70   1.00703
     4100    4123.41   1.00709
     4200    4224.12   1.00714
     4300    4324.83   1.00718
     4400    4425.55   1.00720
     4500    4526.27   1.00721
     4600    4626.99   1.00721
     4700    4727.71   1.00721
     4800    4828.43   1.00719
     4900    4929.15   1.00717
     5000    5029.87   1.00715
     5100    5130.58   1.00714
     5200    5231.29   1.00709
     5300    5332.00   1.00704
     5400    5432.71   1.00696
     5500    5533.40   1.00684
     5600    5634.09   1.00675
     5700    5734.76   1.00663
     5800    5835.42   1.00650
     5900    5936.07   1.00635
     6000    6036.71   1.00624
     6100    6137.33   1.00608
     6200    6237.94   1.00594
     6300    6338.53   1.00577
     6400    6439.11   1.00557
     6500    6539.67   1.00538
     6600    6640.21   1.00516
     6700    6740.72   1.00493
     6800    6841.22   1.00472
     6900    6941.69   1.00448
     7000    7042.14         1
